4294967279,85
4294967279,84
4294967279,82
4294967279,73
4294967279,71
4294967279,173
4294967279,172
4294967278,169
4294967294,409
4294967294,395
4294967294,1415
4294967294,399
4294967294,420
4294967294,385
4294967294,407
4294967294,406
4294967294,384
4294967294,118
4294967294,454
4294967294,461
4294967294,180
4294967294,451
4294967294,175
4294967294,112
4294967294,416
4294967279,171
4294967278,371
4294967279,170
207,5
207,4
207,3
207,2
207,1
4294967279,530
4294967279,163
4294967294,1413
4294967294,961
4294967294,182
4294967294,421
4294967294,190
4294967278,164
4294967279,537
206,8
4294967278,300
4294967278,160
4294967279,343
4294967279,159
4294967278,420
4294967279,158
4294967279,317
4294967279,157
4294967278,155
4294967279,154
206,7
206,6
4294967279,153
206,5
206,4
4294967279,152
206,3
206,2
206,1
4294967279,301
4294967279,527
4294967278,294
4294967279,147
4294967278,376
4294967279,146
4294967279,294
4294967279,145
4294967279,144
4294967279,142
4294967279,141
4294967279,326
4294967279,297
4294967279,272
4294967278,277
4294967279,286
4294967278,419
4294967278,134
4294967279,271
4294967279,270
4294967278,287
4294967279,279
4294967294,967
4294967278,390
4294967278,323
4294967279,332
4294967278,418
4294967279,262
4294967278,281
4294967294,437
4294967278,265
4294967278,330
4294967278,285
202,5
202,4
202,3
202,2
202,1
4294967279,255
4294967279,523
4294967278,256
4294967278,384
4294967278,403
4294967278,322
4294967279,62
200,5
4294967279,61
4294967279,56
4294967279,53
4294967279,46
4294967279,38
4294967279,30
4294967279,29
4294967279,28
4294967279,27
4294967279,25
4294967279,20
200,4
200,3
200,2
200,1
4294967278,249
4294967278,246
4294967279,245
4294967278,244
4294967279,243
4294967279,241
4294967279,330
4294967279,238
198,6
4294967279,320
4294967278,233
198,5
198,4
198,3
198,2
198,1
4294967279,226
4294967279,219
4294967294,89
4294967294,185
4294967294,900
4294967278,223
4294967279,222
197,5
4294967279,217
4294967279,215
197,4
197,3
197,2
197,1
4294967278,329
4294967294,120
4294967279,552
4294967294,913
4294967294,444
4294967294,462
4294967294,160
4294967294,189
4294967278,381
4294967279,570
196,5
4294967279,206
196,4
196,3
196,2
196,1
4294967278,325
4294967279,205
4294967279,342
4294967279,203
4294967279,202
4294967278,417
4294967278,358
4294967279,201
195,5
195,4
195,3
195,2
195,1
4294967279,280
4294967278,197
4294967278,356
4294967278,320
4294967294,393
4294967294,17
4294967294,99
4294967294,76
193,4
193,3
193,2
193,1
0,7
4294967294,388
4294967278,353
4294967294,468
4294967294,1
4294967294,903
4294967294,29
4294967294,904
4294967294,186
4294967294,0
4294967294,5
4294967278,394
4294967279,220
4294967278,378
4294967294,471
4294967279,534
4294967278,346
4294967279,341
4294967279,539
4294967279,0
4294967279,533
4294967294,40
4294967294,41
4294967294,38
4294967294,37
4294967294,424
4294967294,42
4294967294,36
4294967294,39
4294967294,394
4294967294,24
4294967279,310
4294967278,345
4294967294,107
4294967294,91
4294967294,90
4294967294,87
4294967294,86
4294967294,85
4294967294,84
4294967294,419
4294967294,950
4294967294,949
4294967294,921
4294967294,28
4294967294,53
4294967294,392
4294967294,46
4294967294,389
4294967294,390
4294967294,114
4294967294,115
4294967294,2
4294967294,1417
4294967294,45
4294967294,427
4294967294,44
4294967294,96
4294967294,94
4294967279,340
4294967294,9
4294967294,8
4294967279,339
4294967278,404
4294967294,22
4294967279,338
4294967278,315
4294967278,407
4294967278,347
4294967279,327
4294967278,171
4294967279,540
4294967278,170
4294967279,574
4294967278,313
4294967279,304
4294967279,303
4294967294,51
4294967294,946
4294967294,26
4294967278,0
4294967278,260
4294967278,298
4294967279,156
4294967278,156
4294967279,553
4294967279,302
4294967278,311
4294967278,296
4294967279,290
4294967278,295
4294967278,149
4294967279,536
4294967294,7
4294967279,325
4294967278,144
4294967279,143
4294967278,143
4294967278,142
4294967294,52
4294967294,973
4294967294,970
4294967294,92
4294967294,88
4294967278,141
4294967279,140
4294967278,140
4294967279,139
4294967278,139
4294967294,50
4294967294,1416
4294967294,43
4294967294,417
4294967294,473
4294967294,12
4294967294,472
4294967294,25
4294967294,920
4294967294,27
4294967294,93
4294967294,95
4294967279,138
4294967294,67
4294967294,81
4294967294,82
4294967294,1414
4294967294,83
4294967294,11
4294967294,68
4294967278,132
4294967278,131
4294967278,130
4294967278,129
4294967278,128
4294967278,127
4294967278,126
4294967278,125
4294967278,124
4294967278,123
4294967278,122
4294967278,121
4294967278,120
4294967278,119
4294967278,118
4294967278,117
4294967278,116
4294967278,115
4294967278,114
4294967278,113
4294967278,112
4294967278,111
4294967278,110
4294967278,109
4294967278,108
4294967278,107
4294967278,106
4294967278,105
4294967278,104
4294967278,103
4294967278,102
4294967278,101
4294967278,100
4294967278,99
4294967278,98
4294967278,97
4294967278,96
4294967278,95
4294967278,94
4294967278,93
4294967278,92
4294967278,91
4294967278,90
4294967278,89
4294967278,87
4294967278,86
4294967278,85
4294967278,84
4294967278,83
4294967278,82
4294967278,81
4294967278,80
4294967278,79
4294967278,78
4294967278,77
4294967278,76
4294967278,75
4294967278,74
4294967278,73
4294967278,72
4294967278,71
4294967278,70
